$ 65 0.000005 10.634267539816555 43 2 50 5e-11
x -307 -281 -257 -278 4 24 AND
R -288 -208 -288 -256 0 0 40 5 0 0 0.5
g -288 64 -288 96 0 0
L -416 -80 -480 -80 2 1 false 5 0
L -432 -144 -480 -144 2 1 false 5 0
r -432 -144 -352 -144 0 1000
r -416 -80 -352 -80 0 1000
w -288 -208 -288 -160 0
f -352 -144 -288 -144 32 1.5 0.02
f -352 -80 -288 -80 32 1.5 0.02
w -288 -128 -288 -96 0
w -288 -64 -288 -32 0
M -288 -32 -224 -32 2 2.5
r -288 -32 -288 64 0 1000
r -288 352 -288 448 0 1000
M -288 352 -224 352 2 2.5
w -288 320 -288 352 0
w -288 288 -288 320 0
f -208 272 -272 272 32 1.5 0.02
f -368 272 -304 272 32 1.5 0.02
r -448 272 -368 272 0 1000
L -448 272 -480 272 2 0 false 5 0
g -288 448 -288 480 0 0
R -288 256 -288 208 0 0 40 5 0 0 0.5
x -302 179 -266 182 4 24 OR
w -304 256 -288 256 0
w -272 256 -288 256 0
w -304 288 -288 288 0
w -272 288 -288 288 0
r -208 272 -128 272 0 1000
L -128 272 -96 272 2 0 false 5 0
b -496 -304 -186 128 0
b -496 146 -74 498 0
b -496 512 -202 944 0
r -288 624 -288 704 0 1000
M -288 704 -240 704 2 2.5
w -288 800 -288 848 0
w -288 704 -288 768 0
r -432 784 -320 784 0 1000
L -432 784 -480 784 2 1 false 5 0
g -288 848 -288 880 0 0
R -288 624 -288 576 0 0 40 5 0 0 0.5
x -309 560 -259 563 4 24 NOT
b -176 -304 134 128 0
r 32 -208 32 -144 0 1000
w 32 -16 32 0 0
w 32 -80 32 -48 0
f -32 -32 32 -32 32 1.5 0.02
f -32 -96 32 -96 32 1.5 0.02
r -96 -32 -32 -32 0 1000
r -112 -96 -32 -96 0 1000
L -112 -96 -160 -96 2 0 false 5 0
L -96 -32 -160 -32 2 0 false 5 0
g 32 48 32 96 0 0
R 32 -208 32 -256 0 0 40 5 0 0 0.5
x 0 -271 68 -268 4 24 NAND
r -80 32 -16 32 0 1000
L -80 32 -160 32 2 1 false 5 0
f -320 784 -288 784 32 1.5 0.02
w 32 -144 32 -112 0
M 32 -144 96 -144 2 2.5
f -16 32 32 32 32 1.5 0.02
w 32 0 32 16 0
b -64 146 358 498 0
L 304 368 336 368 2 0 false 5 0
r 224 368 304 368 0 1000
w 160 384 144 384 0
w 128 384 144 384 0
w 160 352 144 352 0
w 128 352 144 352 0
x 130 179 183 182 4 24 NOR
R 144 240 144 192 0 0 40 5 0 0 0.5
g 144 448 144 480 0 0
L -16 368 -48 368 2 1 false 5 0
r -16 368 64 368 0 1000
f 64 368 128 368 32 1.5 0.02
f 224 368 160 368 32 1.5 0.02
w 144 384 144 416 0
M 144 320 224 320 2 2.5
r 144 240 144 320 0 1000
f 96 432 144 432 32 1.5 0.02
L 32 432 -48 432 2 1 false 5 0
r 32 432 96 432 0 1000
w 144 320 144 352 0
x 6 546 58 549 4 24 XOR
f -64 736 16 736 32 1.5 0.02
f 112 736 48 736 32 1.5 0.02
f 112 656 64 656 33 1.5 0.02
f -64 656 0 656 33 1.5 0.02
R 32 592 32 560 0 0 40 5 0 0 0.5
g 32 880 32 912 0 0
r -64 656 -128 656 0 1000
L -128 656 -128 608 2 1 false 5 0
w 32 640 32 592 0
r 112 656 176 656 0 1000
L 192 656 192 608 2 1 false 5 0
w 192 656 176 656 0
w 0 640 32 640 0
w 32 640 64 640 0
w 0 672 32 672 0
w 32 672 64 672 0
w 32 672 32 720 0
w 112 656 112 736 0
w 16 720 32 720 0
w 48 720 32 720 0
w 16 752 32 752 0
w 48 752 32 752 0
w 32 752 32 832 0
w -64 656 -64 736 0
r 32 832 32 880 0 1000
M 32 832 96 832 2 2.5
b -187 513 251 945 0
b 261 513 699 945 0
M 480 640 528 640 2 2.5
r 480 592 480 640 0 1000
w 384 688 384 768 0
w 496 784 480 784 0
w 464 784 480 784 0
w 496 752 480 752 0
w 464 752 480 752 0
w 560 688 560 768 0
w 480 704 480 752 0
w 480 704 512 704 0
w 448 704 480 704 0
w 480 672 512 672 0
w 448 672 480 672 0
w 640 688 624 688 0
L 640 688 640 640 2 1 false 5 0
r 560 688 624 688 0 1000
w 480 672 480 640 0
L 320 688 320 640 2 1 false 5 0
r 384 688 320 688 0 1000
g 480 864 480 912 0 0
R 480 592 480 560 0 0 40 5 0 0 0.5
f 384 688 448 688 33 1.5 0.02
f 560 688 512 688 33 1.5 0.02
f 560 768 496 768 32 1.5 0.02
f 384 768 464 768 32 1.5 0.02
x 442 548 511 551 4 24 XNOR
w 480 784 480 848 0
w 480 848 480 864 0
x -493 -332 446 -329 4 24 Este\strabalho\sfoi\sfeito\sem\scolaboração\scom\sdois\scolegas\s(Carlos\sDiaz\se\sMiguel\sAzevedo)
x -145 -367 156 -364 4 24 Portas\sLogicas\scom\sMosfets
